21
10  10  14  75  3  8  5
11  12  14  78  4  9  7
12  11  14  40  3  8  7
13  11  14  69  3  9  6
14  10  13  75  3  9  6
15  11  14   2  1  8  7
16  11  13   5  0  8  5
17  10  13  40  2  8  7
18  11  13  90  3  8  5
19  11  14  76  3  8  6
20  11  14  70  4  8  5
21  11  13  82  2  8  7
22  12  14  67  3  9  6
23  11  14   1  1  8  6
24  11  14  85  4  9  5
25  10  14  79  3  9  5
26  11  14  74  4  9  6
27  11  14  68  0  9  6
28  11  13  35  2  9  6
29  11  14  65  3  9  5
30  12  14  45  1  9  5
24
 1  1 83.6
 6  1 87.4
 11 1 86.8
 18 1 90
 35 1 86.9
 50 1 88.8
 65 1 87.8
120 1 84.3
 1  3 78.7
 6  3 77.7
 11 3 83.9
 18 3 77.4
 35 3 75
 50 3 81.2
 65 3 79.3
120 3 74.7
 1  5 71.6
 6  5 74.5
 11 5 77.5
 18 5 72
 35 5 67.7
 50 5 74.7
 65 5 72.7
120 5 65.4
15
4 1 89.4
1 1 82.1
3 1 87.1
0 1 88.2
2 1 88.2
4 3 81.1
1 3 73.7
3 3 78.4
0 3 77.2
2 3 77.2
4 5 74.3
1 5 68.1
3 5 71.8
0 5 65.6
2 5 65.6